Allocation Successful
Started
0

19456
3435
38
23
61
58
45
18
29
117
79
290
38
126
48
716
18
15
17
635
16
202
16
138
16
536
17
634
20
714
101
50
58
27
47
36
18
136
18
139
18
20
29
127
15
29
64
64
19
84
24
115
39
60
37
31
67
18
78
50
15
31
73
38
20
245
55
18
51
37
22
65
63
16
69
103
74
86
66
115
15
20
142
26
81
15
33
22
39
53
15
184
15
55
73
19
31
263
80
102
29
127
20
31
127
25
34
68
18
27
28
293
72
77
22
63
27
57
16
23
21
32
24
152
34
57
31
130
59
23
29
27
56
31
18
22
125
147
20
86
30
24
18
138
44
34
38
18
26
80
89
19
68
76
27
62
20
42
37
650
95
40
34
37
22
50
33
24
30
30
21
78
38
77
15
39
19
37
40
97
40
47
60
48
16
18
28
191
30
114
89
22
35
220
32
57
21
34
21
196
32
76
61
58
28
28
24
43
51
73
35
172
23
20
29
29
186
60
29
23
20
16
28
53
27
37
16
49
41
63
25
18
21
48
37
50
64
27
18
49
21
76
42
30
27
182
18
129
18
29
52
17
26
236
31
84
16
21
29
31
21
21
17
69
33
40
29
54
44
83
76
56
17
272
56
40
58
71
74
49
35
56
20
84
17
93
44
160
27
31
41
828
22
135
27
18
15
20
25
141
17
44
20
42
19
17
67
133
68
28
64
155
32
51
95
74
17
80
25
18
21
15
49
171
25
150
75
45
56
20
30
27
38
32
63
31
28
38
23
105
20
144
29
65
40
73
21
29
25
29
28
16
20
61
24
55
16
18
19
217
25
23
21
90
39
86
29
18
24
25
27
290
127
82
75
18
65
273
19
136
15
95
19
15
33
17
22
92
67
31
20
331
56
16
25
57
50
150
15
336
15
20
18
101
40
38
23
71
57
42
28
212
17
68
50
70
16
143
17
20
35
279
64
16
18
26
32
64
72
149
22
23
17
253
17
525
49
420
77
55
23
72
33
239
47
52
33
37
39
19
80
20
43
51
39
374
17
133
35
29
46
46
18
480
72
97
67
268
25
180
15
118
19
90
18
37
22
39
30
221
59
19
18
37
23
65
23
24
27
51
35
91
15
166
27
48
15
1134
31
132
28
213
18
159
69
91
79
20
17
18
34
214
15
42
57
222
80
189
55
60
28
172
102
137
39
41
23
652
29
277
17
210
80
17
38
45
132
230
38
26
100
154
21
79
24
548
102
83
39
15
23
380
19
211
32
333
40
79
22
67
50
39
68
43
39
18
68
370
46
103
57
171
31
174
16
199
33
217
35
385
16
124
22
76
23
41
19
455
15
74
25
61
24
84
19
81
17
208
75
111
40
746
60
220
19
225
16
298
24
16
41
175
17
311
35
165
123
297
29
67
29
43
29
26
15
118
25
671
23
19
40
716
44
225
256
48
112
204
102
207
253
57
101
210
96
212
98
216
89
219
90
220
245
62
92
218
96
213
244
66
88
221
91
218
90
219
91
219
87
223
89
220
88
222
86
225
86
221
87
223
85
223
90
222
85
224
86
2484
241
71
85
222
87
222
243
70
85
224
85
225
83
225
86
224
85
223
240
72
84
224
86
224
237
78
78
228
83
226
83
228
82
226
82
227
83
230
80
226
83
228
83
227
80
229
81
229
80
229
81
229
84
2485
239
73
84
226
83
226
237
74
82
227
82
227
82
229
83
225
78
28764
45
71
25
1392
15
39
35
49
23
1811
60
117
15
704
29
39
17
157
17
378
23
253
36
315
22
700
20
99
52
31
47
89
17
36
20
18
24
734
23
64

