Allocation Successful
Started
0

19456
3716
16
37
103
33
27
156
47
20
21
22
37
27
37
65
39
2161
34
142
30
704
28
522
26
177
68
19
115
26
19
28
21
15
23
116
78
87
36
74
16
15
36
52
31
153
22
87
29
54
60
24
41
27
53
45
42
26
65
16
73
28
15
171
55
57
31
55
81
22
29
128
35
163
15
18
20
127
32
28
22
15
74
31
36
31
59
15
36
24
16
31
33
151
20
78
55
49
49
161
28
55
47
131
97
86
27
374
62
52
27
74
100
231
28
83
15
262
23
34
32
48
49
58
52
68
27
36
73
118
19
148
53
72
20
107
21
350
23
39
31
136
38
154
68
29
29
86
28
256
16
27
42
39
59
19
25
46
35
102
55
309
56
86
17
23
65
34
34
27
49
16
24
315
40
84
32
30
53
138
25
145
44
189
25
17
88
30
140
86
28
34
28
58
18
65
19
35
28
28
45
92
91
183
28
312
63
26
53
145
35
386
33
22
20
73
20
45
20
453
36
89
28
19
82
40
23
24
54
29
28
65
38
16
16
130
68
16
50
83
84
24
16
508
72
36
17
155
26
585
21
256
26
153
34
103
77
15
51
64
151
56
42
75
15
194
22
23
55
15
74
20
17
533
44
153
28
22
21
50
16
16
20
537
16
36
31
573
83
122
58
74
15
217
47
308
22
270
26
398
69
22
51
80
18
23
28
379
15
32
29
91
26
107
16
170
20
97
36
71
20
21
30
41
69
28
46
136
44
205
20
188
20
85
15
65
18
437
37
62
25
16
56
47
50
259
30
30
23
217
20
540
16
37
48
193
32
112
25
45
15
356
43
585
24
27
19
45
20
110
25
18
17
32
15
422
15
73
23
450
15
133
27
21
53
26
15
169
28
99
18
91
23
85
30
30
81
566
32
113
62
117
15
29
30
65
53
323
26
130
25
446
24
85
19
140
37
597
24
141
17
586
57
21
50
42
40
90
16
298
16
243
29
78
18
461
17
25
110
71
124
89
40
270
22
75
34
21
64
44
16
276
15
38
24
27
17
60
25
51
42
39
21
36
41
98
46
337
16
48
15
590
42
15
18
39
21
21
110
70
127
166
19
525
22
78
23
182
22
109
33
493
17
157
16
500
19
268
40
151
56
44
62
499
21
723
18
132
48
1011
18
306
37
123
81
511
62
23
15
632
23
118
18
21
20
22
19
376
19
34
23
341
17
223
16
105
15
16
36
146
37
146
22
58
27
76
20
345
35
696
22
101
45
593
17
669
40
23
18
101
46
1251
19
394
22
268
27
563
21
122
15
108
31
91
37
85
16
327
19
243
28
622
55
116
22
18
16
898
33
318
46
62
26
1451
43
1292
32
134
16
1058
15
450
30
202
15
336
20
690
36
22
29
112
35
39
19
529
20
738
18
182
62
351
15
251
29
355
17
253
27
89
21
80
24
94
32
1371
26
436
17
713
41
55
15
30
16
88
68
80
20
499
24
132
19
236
15
240
30
116
16
1378
30
129
54
70
53
266
70
788
26
102
38
25
27
15
30
53
44
1387
15
27
18
507
16
58
24
174
34
421
15
23
51
69
22
25
39
604
21
605
26
137
28
54
23
244
26
1144
28
89
26
1065
37
91
15
92
16
18
22
60
15
147
31
177
29
141
20
151
19
33
44
17
16
114
16
25
30
28
19
95
21
84
197
73
84
16
17
19
17
173
19
58
16
648
31
143
17
17
26
26
25
31
20
48
47
40
89
27
21
51
32
51
15
112
33
19
60
108
117
46
31
388
22
27
17
21
31
56
16
20
56
16
31
25
17
359
41
38
64
114
20
99

