Allocation Successful
Started
0

19456
3313
18
191
30
25
40
21
64
42
48
53
99
1155
28
39
30
1555
24
324
15
730
30
32
54
149
15
33
96
17
41
55
78
85
60
18
26
88
50
19
32
114
36
57
19
167
15
115
41
178
22
74
20
76
23
26
100
67
69
60
25
20
43
29
25
40
75
180
25
300
30
159
39
28
38
33
18
37
79
31
67
61
25
278
24
123
19
256
38
34
29
32
22
272
68
123
15
25
57
41
31
19
18
37
57
56
16
55
17
110
49
236
39
93
24
242
96
50
27
17
41
76
35
34
19
249
47
124
47
33
15
230
16
115
24
230
121
98
75
22
15
25
41
23
71
74
15
255
16
40
28
57
79
30
87
44
21
219
17
33
32
87
27
43
62
103
23
27
19
61
22
35
48
105
33
201
18
41
56
356
73
145
62
45
28
73
25
25
54
22
17
174
48
15
18
66
29
51
35
116
80
105
30
214
15
78
37
95
23
111
32
87
17
408
38
139
20
21
16
213
36
137
58
843
31
175
27
92
21
214
107
40
84
39
17
51
31
120
39
347
38
124
36
357
15
147
19
29
20
70
22
56
20
44
19
64
39
148
18
185
30
139
41
478
15
36
15
77
15
167
67
454
16
174
42
358
20
154
52
17
19
126
30
235
31
447
38
69
42
26
16
201
55
26
20
71
56
95
24
50
34
428
25
54
22
70
23
79
60
267
17
24
63
20
21
172
17
77
27
16
16
166
21
95
15
101
32
49
22
343
23
291
30
15
17
150
37
675
30
100
16
307
20
236
29
139
32
17
47
606
39
420
33
26
17
943
25
102
21
164
16
358
76
451
16
215
15
736
15
690
21
617
32
220
16
493
17
47
28
533
29
20
33
133
16
513
36
405
23
407
15
17
23
519
37
432
23
416
22
221
30
607
21
224
17
286
202
60
38
30
16
31
22
171
17
365
27
481
17
174
55
89
34
245
16
980
60
32
54
29
22
120
41
319
18
58
17
854
23
325
17
641
19
507
26
158
24
303
21
512
24
424
103
1423
18
141
20
855
254
57
106
203
107
202
245
65
93
218
88
224
91
219
91
217
87
220
246
65
86
222
90
226
236
71
86
226
83
227
81
226
83
228
84
225
83
231
78
226
82
230
84
223
85
228
80
229
81
225
83
238
77
2497
234
70
86
225
85
223
238
75
80
227
83
227
82
226
84
226
81
228
236
76
80
228
81
227
235
75
82
229
80
230
79
230
78
232
80
228
80
229
80
231
78
232
78
229
82
228
80
231
79
228
80
233
79
2488
237
71
81
228
83
227
235
75
81
227
82
228
81
228
81
229
81
227
235
80
75
229
82
227
234
77
79
231
79
229
80
230
79
230
79
230
79
232
78
230
80
230
78
230
80
229
79
232
78
230
79
232
80
2500
228
81
74
237
70
237
230
84
74
238
73
232
76
236
73
237
74
233
229
79
78
232
78
232
231
79
77
232
78
231
77
232
78
231
78
234
76
231
79
233
76
232
77
232
77
232
77
234
76
234
76
235
75
2508
224
72
84
225
82
227
238
70
83
226
84
225
84
225
82
228
81
228
234
75
81
228
79
231
233
77
77
234
76
232
78
25451
15
526
18
1655
38
50
19
1967
15
208
26
239
24
322
22
167
50
49
28
675
17
407
33
191
26
35
16
42
44
674
19
87
15
358
16
271
26
143
28
205
37
139
47
234
21
197
21
180
27
176
33
18
27
270
40
37
28
106
21
835
81
64
18
81
16
232
28
248
35
54
21
368
52
16
26
31
31
64
22
24
30
27
56
68
34
63
29
18
19
153
16
234
32
94

